Index       Web(mm)     Ab(m^2)     Mp(kg)      Vc(m^3)     Cx(m)       Jx(kg.m^2)  Jy(kg.m^2)  Jz(kg.m^2)  
1           0.0000      24.797314   23616.9522470.000000    3.170239    8413.600891 94850.199116102410.712164
2           5.9949      25.054819   23353.6225150.147938    3.158829    8374.996156 93554.222979101075.863696
3           11.9897     25.312323   23087.5449940.297420    3.147343    8333.571532 92103.05317199584.236951
4           17.9846     25.700665   22815.3693210.450327    3.135523    8289.607506 90611.58110398049.975222
5           23.9794     26.121621   22538.8757050.605661    3.123361    8243.367420 89089.70499496483.266012
6           29.9743     26.473264   22258.2599520.763310    3.110889    8194.812590 87539.89017294886.559508
7           35.9691     26.844150   21973.7892020.923125    3.098104    8143.898997 85963.93748893261.636482
8           41.9640     27.148581   21685.7153511.084965    3.084982    8090.570156 84362.55794291609.171800
9           47.9588     27.561746   21393.8128271.248955    3.071501    8034.737939 82734.29234789927.646589
10          53.9537     27.968413   21097.5361591.415402    3.057642    7976.291450 81076.94878388214.794407
11          59.9485     28.192292   20797.8952621.583740    3.043404    7915.220767 79395.48331386475.568657
12          65.9434     28.620472   20494.7753551.754032    3.028723    7851.438105 77689.50345884709.520028
13          71.9382     28.941730   20187.6568821.926570    3.013546    7784.830065 75955.41784682912.979283
14          77.9331     29.191072   19877.4940222.100819    2.997867    7715.392323 74195.54392681088.261162
15          83.9279     29.464651   19564.5411612.276635    2.981750    7643.074595 72413.76172579239.211658
16          89.9228     29.553714   19249.6534512.453539    2.965215    7567.889417 70614.96500777370.733307
17          95.9176     29.566554   18934.2220442.630747    2.948302    7489.925537 68806.85186375490.584473
18          101.9125    29.783884   18617.5625862.808646    2.931025    7409.076039 66988.50451873597.769638
19          107.9074    29.753122   18299.9077062.987104    2.913369    7325.346180 65160.88896571693.252833
20          113.9022    29.895923   17981.6550513.165897    2.895288    7238.745009 63326.10880769779.138479
21          119.8971    29.997883   17662.0964933.345425    2.876671    7149.153617 61478.64605567849.820137
22          125.8919    30.076562   17341.5741523.525493    2.857541    7056.596512 59619.46741965906.272918
23          131.8868    30.250365   17019.7047153.706319    2.837803    6960.969629 57744.48285063944.323850
24          137.8816    30.255175   16696.8823023.887680    2.817493    6862.344850 55857.28637561967.607410
25          143.8765    30.431627   16373.0927834.069584    2.796603    6760.705327 53958.40118659976.623050
26          149.8713    29.235351   16054.7444504.248431    2.776111    6660.173517 52094.95256058022.592873
27          155.8662    28.649982   15745.9019404.421938    2.756779    6563.516215 50300.89922056142.201749
28          161.8610    28.081822   15443.2139934.591988    2.738197    6468.869232 48555.30964654312.617128
29          167.8559    27.604447   15146.1044104.758903    2.720128    6375.280567 46851.16718552525.803747
30          173.8507    27.158356   14853.9219044.923051    2.702485    6282.349528 45184.06774050776.932332
31          179.8456    26.913622   14565.4252425.085128    2.685277    6189.839934 43550.50030749062.251562
32          185.8404    26.571421   14280.0601235.245445    2.668387    6097.502092 41944.83359847375.878826
33          191.8353    26.177513   13998.6224555.403556    2.651896    6005.596298 40374.11254245725.023844
34          197.8301    25.916618   13720.6784345.559704    2.635840    5913.949054 38838.74724444109.903079
35          203.8250    25.584016   13445.9009675.714074    2.620326    5822.532917 37337.88517742529.618337
36          209.8199    25.339265   13174.2039205.866713    2.605371    5731.374534 35870.63761640983.280124
37          215.8147    24.961144   12905.8301566.017484    2.591036    5640.650684 34439.41962339473.411124
38          221.8096    24.692487   12640.9072286.166317    2.577347    5550.395069 33046.32572438002.098355
39          227.8044    24.406539   12378.9433496.313488    2.564283    5460.529427 31689.62519636567.532317
40          233.7993    24.047563   12120.4204096.458726    2.552055    5371.387844 30374.23065935174.848353
41          239.7941    23.885671   11864.6765186.602402    2.540629    5282.710837 29095.92621433819.597586
42          245.7890    23.456524   11612.0860646.744307    2.530066    5194.610853 27856.77398732503.867408
43          251.7838    23.238183   11362.9502316.884271    2.520632    5107.339341 26664.31531331235.379644
44          257.7787    22.939461   11116.5731477.022685    2.512277    5020.654766 25514.71936530010.105617
45          263.7735    22.558299   10873.8235287.159061    2.504982    4934.799215 24407.65841028827.858061
46          269.7684    22.374084   10634.0904357.293743    2.498824    4849.664037 23342.04752827687.458173
47          275.7632    22.022735   10397.2147997.426819    2.493971    4765.212704 22321.63990526592.605512
48          281.7581    21.795461   10163.4263567.558161    2.490416    4681.478253 21348.05692125544.929866
49          287.7529    21.528802   9932.273253 7.688022    2.488143    4598.369218 20416.75142224539.770088
50          293.7478    21.014448   9705.287185 7.815542    2.486998    4517.013737 19533.12232623583.605081
51          299.7426    20.565064   9483.443068 7.940174    2.486426    4438.124650 18696.26859022676.353203
52          305.7375    20.272445   9265.557846 8.062581    2.486015    4360.751409 17894.95993121806.032463
53          311.7324    20.097936   9050.164944 8.183588    2.485621    4283.940658 17119.79669620962.452590
54          317.7272    19.854797   8837.000368 8.303344    2.485475    4207.552996 16373.29661820147.995674
55          323.7221    19.610793   8626.434901 8.421639    2.485605    4131.687571 15656.74896619363.998087
56          329.7169    19.450331   8418.027434 8.538722    2.485919    4056.234619 14966.10752518606.306025
57          335.7118    19.105491   8212.315966 8.654290    2.486616    3981.319236 14307.61025917881.238296
58          341.7066    18.886931   8009.610473 8.768170    2.487788    3907.023178 13683.73405217191.320290
59          347.7015    18.626504   7809.460579 8.880613    2.489344    3833.265958 13094.56128216536.579856
60          353.6963    18.132812   7613.334223 8.990797    2.491682    3760.527779 12554.44233415931.745569
61          359.6912    17.878115   7421.200836 9.098737    2.494938    3688.774166 12062.32726815375.690151
62          365.6860    17.688147   7231.439927 9.205344    2.498737    3617.445121 11603.15134314852.845056
63          371.6809    17.461415   7043.902287 9.310702    2.502921    3546.349589 11172.35454914358.480329
64          377.6757    17.365763   6858.084701 9.415094    2.507507    3475.156043 10764.91393713887.307858
65          383.6706    17.252896   6673.379647 9.518861    2.512540    3403.592628 10374.96175313433.228328
66          389.6654    17.196550   6489.577410 9.622121    2.517938    3331.523111 9998.392019 12992.017809
67          395.6603    17.181437   6306.156441 9.725166    2.523547    3258.702441 9629.305943 12557.590594
68          401.6551    17.164589   6122.905999 9.828116    2.529270    3185.007824 9264.214658 12126.361416
69          407.6500    17.109754   5940.038014 9.930851    2.534981    3110.489094 8905.243821 11700.506521
70          413.6449    17.056087   5757.748932 10.033260   2.540677    3035.195921 8552.876953 11280.546301
71          419.6397    17.037321   5575.846314 10.135453   2.546412    2959.031524 8206.202031 10865.496716
72          425.6346    16.959687   5394.458028 10.237356   2.552131    2882.026950 7866.076269 10456.241559
73          431.6294    16.841849   5214.112665 10.338674   2.557931    2804.380087 7532.046970 10052.445713
74          437.6243    16.904289   5034.062874 10.439825   2.563897    2725.770544 7202.220263 9651.973696 
75          443.6191    16.891410   4853.748656 10.541126   2.570065    2645.949680 6875.650176 9253.696015 
76          449.6140    16.794520   4674.020101 10.642097   2.576355    2565.254513 6554.582094 8860.102505 
77          455.6088    16.761994   4494.982033 10.742680   2.582677    2483.712708 6240.245073 8472.453023 
78          461.6037    16.742668   4316.220620 10.843108   2.589127    2401.127895 5931.212575 8089.175837 
79          467.5985    16.672909   4137.934512 10.943268   2.595598    2317.571483 5629.078004 7711.935378 
80          473.5934    16.654408   3960.119308 11.043165   2.602095    2233.025974 5333.854903 7340.728138 
81          479.5882    16.627948   3782.543994 11.142926   2.608869    2147.370634 5042.986953 6972.878457 
82          485.5831    16.616544   3605.170701 11.242574   2.615974    2060.569083 4756.307802 6608.187400 
83          491.5779    16.544893   3428.240541 11.341973   2.623186    1972.722879 4476.353865 6249.286731 
84          497.5728    16.543003   3251.702749 11.441151   2.630522    1883.789924 4203.068917 5896.085900 
85          503.5676    16.423179   3075.814351 11.539965   2.637981    1793.886566 3936.882146 5549.097225 
86          509.5625    16.433976   2900.507661 11.638452   2.645540    1702.960459 3678.024743 5208.523886 
87          515.5573    16.373308   2725.467056 11.736789   2.653554    1610.839912 3424.003076 4871.725033 
88          521.5522    16.239987   2551.461464 11.834545   2.661747    1517.912414 3178.063108 4542.252126 
89          527.5471    16.155585   2378.617516 11.931649   2.670144    1424.240436 2940.387113 4220.327094 
90          533.5419    16.131748   2206.351066 12.028428   2.678761    1329.505957 2710.467680 3905.214992 
91          539.5368    16.040228   2034.700091 12.124861   2.687638    1233.724398 2488.394570 3597.013100 
92          545.5316    16.014130   1863.676654 12.220941   2.697336    1136.890134 2271.850084 3293.361283 
93          551.5265    15.920531   1693.291852 12.316663   2.707476    1039.002182 2063.443275 2996.907142 
94          557.5213    15.811952   1523.985757 12.411779   2.717413    940.303691  1866.644372 2711.344773 
95          563.5162    15.756261   1355.556111 12.506402   2.727655    840.668600  1679.341028 2434.449875 
96          569.5110    15.630292   1188.095695 12.600481   2.738259    740.147789  1501.912741 2166.645897 
97          575.5059    15.510437   1021.946853 12.693823   2.748221    638.942748  1337.759748 1911.521380 
98          581.5007    15.403341   857.008892  12.786485   2.757325    536.992684  1186.450623 1668.599219 
99          587.4956    15.336279   693.000138  12.878625   2.766282    434.116978  1045.454128 1435.162115 
100         593.4904    15.267631   529.715455  12.970358   2.777015    330.177629  911.894863  1208.164128 
101         599.4853    16.045724   362.645586  13.064217   2.795625    222.062102  779.579881  978.704245  
